710	33	33
709	6	39
708	4	43
707	3	46
706	5	51
705	4	55
704	7	62
703	11	73
702	11	84
701	14	98
700	13	111
699	12	123
698	16	139
697	15	154
696	22	176
695	29	205
694	26	231
693	37	268
692	31	299
691	36	335
690	43	378
689	60	438
688	41	479
687	56	535
686	61	596
685	59	655
684	77	732
683	93	825
682	86	911
681	90	1001
680	102	1103
679	103	1206
678	124	1330
677	137	1467
676	130	1597
675	155	1752
674	141	1893
673	139	2032
672	174	2206
671	182	2388
670	197	2585
669	213	2798
668	211	3009
667	219	3228
666	227	3455
665	251	3706
664	255	3961
663	264	4225
662	262	4487
661	307	4794
660	288	5082
659	284	5366
658	281	5647
657	332	5979
656	315	6294
655	344	6638
654	371	7009
653	361	7370
652	348	7718
651	369	8087
650	412	8499
649	421	8920
648	391	9311
647	441	9752
646	450	10202
645	416	10618
644	491	11109
643	506	11615
642	492	12107
641	490	12597
640	521	13118
639	509	13627
638	537	14164
637	546	14710
636	579	15289
635	597	15886
634	560	16446
633	636	17082
632	636	17718
631	608	18326
630	611	18937
629	647	19584
628	623	20207
627	694	20901
626	671	21572
625	695	22267
624	746	23013
623	676	23689
622	689	24378
621	757	25135
620	726	25861
619	726	26587
618	770	27357
617	771	28128
616	794	28922
615	795	29717
614	775	30492
613	859	31351
612	844	32195
611	803	32998
610	821	33819
609	824	34643
608	863	35506
607	894	36400
606	887	37287
605	831	38118
604	884	39002
603	813	39815
602	863	40678
601	905	41583
600	916	42499
599	922	43421
598	920	44341
597	893	45234
596	894	46128
595	931	47059
594	948	48007
593	977	48984
592	993	49977
591	917	50894
590	961	51855
589	990	52845
588	963	53808
587	982	54790
586	1020	55810
585	1016	56826
584	946	57772
583	998	58770
582	983	59753
581	1032	60785
580	1019	61804
579	1000	62804
578	1008	63812
577	994	64806
576	982	65788
575	1031	66819
574	1016	67835
573	984	68819
572	1025	69844
571	1029	70873
570	989	71862
569	1038	72900
568	1030	73930
567	1006	74936
566	1035	75971
565	986	76957
564	1091	78048
563	1023	79071
562	991	80062
561	975	81037
560	1067	82104
559	1044	83148
558	1039	84187
557	1081	85268
556	1007	86275
555	1021	87296
554	970	88266
553	1045	89311
552	1042	90353
551	1034	91387
550	1008	92395
549	984	93379
548	1033	94412
547	1010	95422
546	1041	96463
545	1034	97497
544	1075	98572
543	1034	99606
542	1044	100650
541	1036	101686
540	1042	102728
539	1000	103728
538	989	104717
537	1053	105770
536	1033	106803
535	996	107799
534	993	108792
533	1024	109816
532	1015	110831
531	1015	111846
530	1053	112899
529	991	113890
528	975	114865
527	1039	115904
526	1022	116926
525	1050	117976
524	1019	118995
523	959	119954
522	984	120938
521	882	121820
520	917	122737
519	939	123676
518	944	124620
517	952	125572
516	991	126563
515	937	127500
514	1004	128504
513	933	129437
512	1039	130476
511	999	131475
510	966	132441
509	944	133385
508	919	134304
507	959	135263
506	962	136225
505	919	137144
504	949	138093
503	929	139022
502	922	139944
501	879	140823
500	933	141756
499	905	142661
498	859	143520
497	918	144438
496	936	145374
495	951	146325
494	887	147212
493	864	148076
492	881	148957
491	848	149805
490	846	150651
489	889	151540
488	857	152397
487	852	153249
486	845	154094
485	871	154965
484	868	155833
483	848	156681
482	841	157522
481	833	158355
480	821	159176
479	826	160002
478	795	160797
477	784	161581
476	773	162354
475	789	163143
474	772	163915
473	800	164715
472	705	165420
471	805	166225
470	785	167010
469	771	167781
468	740	168521
467	796	169317
466	723	170040
465	666	170706
464	724	171430
463	794	172224
462	768	172992
461	692	173684
460	700	174384
459	698	175082
458	654	175736
457	700	176436
456	720	177156
455	629	177785
454	678	178463
453	745	179208
452	679	179887
451	683	180570
450	625	181195
449	693	181888
448	715	182603
447	680	183283
446	599	183882
445	610	184492
444	643	185135
443	640	185775
442	620	186395
441	597	186992
440	622	187614
439	648	188262
438	575	188837
437	578	189415
436	593	190008
435	567	190575
434	576	191151
433	568	191719
432	566	192285
431	558	192843
430	600	193443
429	546	193989
428	551	194540
427	526	195066
426	567	195633
425	517	196150
424	587	196737
423	542	197279
422	526	197805
421	509	198314
420	533	198847
419	493	199340
418	529	199869
417	485	200354
416	530	200884
415	521	201405
414	505	201910
413	543	202453
412	507	202960
411	480	203440
410	463	203903
409	510	204413
408	482	204895
407	472	205367
406	491	205858
405	494	206352
404	486	206838
403	442	207280
402	453	207733
401	476	208209
400	435	208644
399	442	209086
398	422	209508
397	436	209944
396	452	210396
395	457	210853
394	421	211274
393	481	211755
392	436	212191
391	411	212602
390	452	213054
389	403	213457
388	424	213881
387	389	214270
386	392	214662
385	426	215088
384	398	215486
383	368	215854
382	398	216252
381	384	216636
380	360	216996
379	425	217421
378	381	217802
377	391	218193
376	383	218576
375	417	218993
374	364	219357
373	375	219732
372	387	220119
371	349	220468
370	364	220832
369	364	221196
368	354	221550
367	372	221922
366	382	222304
365	371	222675
364	334	223009
363	363	223372
362	315	223687
361	331	224018
360	356	224374
359	322	224696
358	350	225046
357	325	225371
356	340	225711
355	326	226037
354	342	226379
353	338	226717
352	300	227017
351	312	227329
350	322	227651
349	306	227957
348	334	228291
347	320	228611
346	320	228931
345	323	229254
344	306	229560
343	302	229862
342	319	230181
341	307	230488
340	296	230784
339	288	231072
338	312	231384
337	280	231664
336	306	231970
335	300	232270
334	280	232550
333	286	232836
332	257	233093
331	275	233368
330	250	233618
329	268	233886
328	236	234122
327	269	234391
326	242	234633
325	285	234918
324	274	235192
323	294	235486
322	258	235744
321	276	236020
320	252	236272
319	270	236542
318	260	236802
317	240	237042
316	246	237288
315	243	237531
314	229	237760
313	254	238014
312	235	238249
311	243	238492
310	249	238741
309	244	238985
308	260	239245
307	253	239498
306	254	239752
305	212	239964
304	242	240206
303	233	240439
302	210	240649
301	240	240889
300	218	241107
299	210	241317
298	206	241523
297	225	241748
296	210	241958
295	217	242175
294	216	242391
293	223	242614
292	195	242809
291	191	243000
290	204	243204
289	195	243399
288	206	243605
287	210	243815
286	220	244035
285	184	244219
284	191	244410
283	185	244595
282	182	244777
281	208	244985
280	189	245174
279	217	245391
278	154	245545
277	193	245738
276	183	245921
275	210	246131
274	176	246307
273	182	246489
272	178	246667
271	183	246850
270	183	247033
269	170	247203
268	144	247347
267	169	247516
266	178	247694
265	154	247848
264	165	248013
263	158	248171
262	168	248339
261	150	248489
260	171	248660
259	163	248823
258	164	248987
257	145	249132
256	154	249286
255	174	249460
254	168	249628
253	147	249775
252	161	249936
251	150	250086
250	152	250238
249	141	250379
248	147	250526
247	144	250670
246	137	250807
245	155	250962
244	144	251106
243	141	251247
242	131	251378
241	147	251525
240	147	251672
239	145	251817
238	120	251937
237	151	252088
236	148	252236
235	141	252377
234	129	252506
233	119	252625
232	125	252750
231	131	252881
230	128	253009
229	125	253134
228	128	253262
227	106	253368
226	137	253505
225	122	253627
224	117	253744
223	132	253876
222	105	253981
221	131	254112
220	121	254233
219	100	254333
218	92	254425
217	118	254543
216	104	254647
215	97	254744
214	111	254855
213	89	254944
212	90	255034
211	103	255137
210	104	255241
209	99	255340
208	108	255448
207	93	255541
206	94	255635
205	84	255719
204	93	255812
203	93	255905
202	79	255984
201	93	256077
200	101	256178
199	88	256266
198	78	256344
197	83	256427
196	92	256519
195	78	256597
194	89	256686
193	82	256768
192	92	256860
191	70	256930
190	78	257008
189	70	257078
188	93	257171
187	59	257230
186	78	257308
185	72	257380
184	74	257454
183	62	257516
182	62	257578
181	76	257654
180	74	257728